14
4
94 100 97 13 40
5
32 10 74 69 50 70
6
64 79 84 36 95 64 29
7
64 61 61 15 66 90 91 38
8
54 82 11 33 18 4 84 66 17
9
75 97 78 48 66 27 70 29 5 5
10
17 51 21 45 15 81 57 81 98 46 72
11
36 99 5 46 83 22 1 18 87 17 92 84
12
47 92 49 25 13 29 30 17 45 80 37 41 46
13
70 97 79 67 42 2 54 93 6 51 27 28 52 45
14
66 20 88 49 66 31 49 91 43 78 72 12 74 3 100
15
15 1 69 11 79 36 53 80 41 97 37 92 23 64 43 19
16
30 62 7 30 80 89 79 22 84 8 93 95 81 95 94 95 47
17
63 58 25 50 62 56 42 58 93 33 80 8 27 51 89 89 57 19
