17
4
58 43 46 20 86
5
73 50 42 69 2 26
6
68 10 91 5 70 2 99
7
26 69 78 45 10 61 48 10
8
16 18 31 66 85 89 8 31 8
9
93 3 9 34 23 10 11 90 72 2
10
95 41 55 45 66 23 23 62 32 35 9
11
94 50 79 24 67 63 64 74 93 24 18 47
12
32 3 70 94 13 11 65 66 57 5 20 2 22
13
95 76 83 26 62 92 19 63 22 95 29 84 58 54
14
77 81 71 23 65 25 44 58 37 55 74 55 11 30 26
15
64 51 20 39 33 98 52 76 68 14 97 62 42 81 72 47
16
9 4 17 83 68 93 27 77 30 81 2 36 43 31 61 7 81
17
81 97 66 78 49 93 45 62 42 59 56 74 30 2 82 85 71 64
18
53 63 42 81 44 74 83 79 17 13 40 75 46 72 71 11 1 71 55
19
97 33 96 7 40 69 36 41 50 21 63 66 25 26 59 57 21 33 39 100
20
49 4 91 23 49 14 45 11 66 16 65 62 48 61 69 87 81 56 79 83 28
